name: mob_new
channels:
  - bioconda
  - conda-forge
  - defaults
dependencies:
  - biopython=1.79=py38h96a0964_0
  - blast=2.12.0=pl5262h78c34c6_0
  - blosc=1.21.0=he49afe7_0
  - bzip2=1.0.8=h0d85af4_4
  - c-ares=1.18.1=h0d85af4_0
  - ca-certificates=2021.10.8=h033912b_0
  - capnproto=0.6.1=h0ceac7d_2
  - curl=7.79.1=hf45b732_1
  - dbus=1.13.6=ha13b53f_2
  - entrez-direct=15.6=h193322a_1
  - ete3=3.1.2=pyh9f0ad1d_0
  - expat=2.4.1=he49afe7_0
  - gettext=0.19.8.1=hd1a6beb_1008
  - glib=2.70.0=hcf210ce_1
  - glib-tools=2.70.0=hcf210ce_1
  - gsl=2.6=h71c5fe9_2
  - hdf5=1.12.1=nompi_h2f0ef1a_101
  - icu=68.2=he49afe7_0
  - jpeg=9d=hbcb3906_0
  - krb5=1.19.2=hcfbf3a7_2
  - libblas=3.9.0=12_osx64_openblas
  - libcblas=3.9.0=12_osx64_openblas
  - libclang=11.1.0=default_he082bbe_1
  - libcurl=7.79.1=hf45b732_1
  - libcxx=12.0.1=habf9029_0
  - libedit=3.1.20191231=h0678c8f_2
  - libev=4.33=haf1e3a3_1
  - libffi=3.4.2=he49afe7_4
  - libgfortran=5.0.0=9_3_0_h6c81a4c_23
  - libgfortran5=9.3.0=h6c81a4c_23
  - libglib=2.70.0=hf1fb8c0_1
  - libiconv=1.16=haf1e3a3_0
  - liblapack=3.9.0=12_osx64_openblas
  - libllvm11=11.1.0=hd011deb_2
  - libnghttp2=1.43.0=h6f36284_1
  - libopenblas=0.3.18=openmp_h3351f45_0
  - libpng=1.6.37=h7cec526_2
  - libpq=13.3=hea3049e_2
  - libssh2=1.10.0=h52ee1ee_2
  - libxcb=1.13=h35c211d_1003
  - libxml2=2.9.12=h93ec3fd_0
  - libxslt=1.1.33=h5739fc3_2
  - libzlib=1.2.11=h9173be1_1013
  - llvm-openmp=12.0.1=hda6cdc1_1
  - lxml=4.6.3=py38h6ea4786_0
  - lz4-c=1.9.3=he49afe7_1
  - mash=2.3=h8503a2b_1
  - mob_suite=3.0.3=pyhdfd78af_0
  - mock=4.0.3=py38h50d1736_2
  - mysql-common=8.0.27=h694c41f_1
  - mysql-libs=8.0.27=h115446f_1
  - ncurses=6.2=h2e338ed_4
  - nspr=4.32=hcd9eead_0
  - nss=3.71=h31e2bf1_0
  - numexpr=2.7.3=py38ha53d530_0
  - numpy=1.21.3=py38h49b9922_0
  - openssl=1.1.1l=h0d85af4_0
  - pandas=1.0.5=py38h5fc983b_0
  - pcre=8.45=he49afe7_0
  - perl=5.26.2=hbcb3906_1008
  - perl-archive-tar=2.32=pl526_0
  - perl-carp=1.38=pl526_3
  - perl-common-sense=3.74=pl526_2
  - perl-compress-raw-bzip2=2.087=pl526h6de7cb9_0
  - perl-compress-raw-zlib=2.087=pl526h770b8ee_0
  - perl-exporter=5.72=pl526_1
  - perl-exporter-tiny=1.002001=pl526_0
  - perl-extutils-makemaker=7.36=pl526_1
  - perl-io-compress=2.087=pl526h6de7cb9_0
  - perl-io-zlib=1.10=pl526_2
  - perl-json=4.02=pl526_0
  - perl-json-xs=2.34=pl526h04f5b5a_3
  - perl-list-moreutils=0.428=pl526_1
  - perl-list-moreutils-xs=0.428=pl526_0
  - perl-pathtools=3.75=pl526h1de35cc_1
  - perl-scalar-list-utils=1.52=pl526h01d97ff_0
  - perl-types-serialiser=1.0=pl526_2
  - perl-xsloader=0.24=pl526_0
  - pip=21.3.1=pyhd8ed1ab_0
  - pthread-stubs=0.4=hc929b4f_1001
  - pycurl=7.44.1=py38h51ed575_1
  - pyqt=5.12.3=py38h50d1736_7
  - pyqt-impl=5.12.3=py38h721a93c_7
  - pyqt5-sip=4.19.18=py38h5745d40_7
  - pyqtchart=5.12=py38h721a93c_7
  - pyqtwebengine=5.12.1=py38h721a93c_7
  - pytables=3.6.1=py38h5215406_4
  - python=3.8.12=h17280f6_2_cpython
  - python-dateutil=2.8.2=pyhd8ed1ab_0
  - python_abi=3.8=2_cp38
  - pytz=2021.3=pyhd8ed1ab_0
  - qt=5.12.9=h126340a_4
  - readline=8.1=h05e3726_0
  - scipy=1.7.1=py38hd329d04_0
  - setuptools=58.4.0=py38h50d1736_1
  - six=1.16.0=pyh6c4a22f_0
  - sqlite=3.36.0=h23a322b_2
  - tk=8.6.11=h5dbffcc_1
  - wheel=0.37.0=pyhd8ed1ab_1
  - xorg-kbproto=1.0.7=h35c211d_1002
  - xorg-libice=1.0.10=h0d85af4_0
  - xorg-libsm=1.2.3=h0d85af4_1000
  - xorg-libx11=1.7.2=h0d85af4_0
  - xorg-libxau=1.0.9=h35c211d_0
  - xorg-libxdmcp=1.1.3=h35c211d_0
  - xorg-libxext=1.3.4=h0d85af4_1
  - xorg-libxrender=0.9.10=h0d85af4_1003
  - xorg-renderproto=0.11.1=h0d85af4_1002
  - xorg-xextproto=7.3.0=h35c211d_1002
  - xorg-xproto=7.0.31=h35c211d_1007
  - xz=5.2.5=haf1e3a3_1
  - zlib=1.2.11=h9173be1_1013
  - zstd=1.5.0=h582d3a0_0
prefix: /Users/clairejohnson/opt/anaconda3/envs/mob_new
